1713248606540 0.04268572852015495 0
1713248618215 0.041373997926712036 0
1713248629535 0.04402605816721916 0
1713248640859 0.04577726125717163 0
1713248652378 0.046161506325006485 0
1713248663794 0.0465581938624382 0
1713248675177 0.04690339043736458 0
1713248686445 0.045964308083057404 0
1713248697922 0.04632575064897537 0
1713248709730 0.04650816321372986 0
1713248721116 0.046280354261398315 0
1713248732608 0.04616007208824158 0
1713248744401 0.04616481810808182 0
1713248756159 0.046367429196834564 0
1713248767373 0.046449627727270126 0
1713248778702 0.0461532361805439 0
