1713248606562 0.02011202462017536 0
1713248618237 0.019165992736816406 0
1713248629557 0.019593358039855957 0
1713248640879 0.019357923418283463 0
1713248652401 0.018149100244045258 0
1713248663813 0.018268300220370293 0
1713248675198 0.018156176432967186 0
1713248686484 0.01802465319633484 0
1713248697941 0.017657576128840446 0
1713248709750 0.018246464431285858 0
1713248721137 0.017878761515021324 0
1713248732628 0.017890766263008118 0
1713248744423 0.01794460415840149 0
1713248756181 0.01791815459728241 0
1713248767449 0.018126918002963066 0
1713248778723 0.017900407314300537 0
