1713248606552 0.04817826300859451 0
1713248618225 0.05324302613735199 0
1713248629545 0.05914989858865738 0
1713248640868 0.06287829577922821 0
1713248652389 0.06267022341489792 0
1713248663804 0.06210136041045189 0
1713248675188 0.061583053320646286 0
1713248686474 0.06404925137758255 0
1713248697932 0.0655750259757042 0
1713248709741 0.06471371650695801 0
1713248721128 0.06295160204172134 0
1713248732619 0.06301299482584 0
1713248744413 0.06671769171953201 0
1713248756171 0.07012654840946198 0
1713248767384 0.06877703219652176 0
1713248778711 0.06852064281702042 0
