1713251739243 0.04268572852015495 0
1713251751102 0.041373997926712036 0
1713251762514 0.04402605816721916 0
1713251774020 0.04577726125717163 0
1713251785558 0.046161506325006485 0
1713251797183 0.0465581938624382 0
1713251808650 0.04690339043736458 0
1713251820103 0.045964308083057404 0
1713251831900 0.04632575064897537 0
1713251843509 0.04650816321372986 0
1713251855129 0.046280354261398315 0
1713251866425 0.04616007208824158 0
1713251878213 0.04616481810808182 0
1713251889995 0.046367429196834564 0
1713251901301 0.046449627727270126 0
1713251912937 0.0461532361805439 0
