1713251739265 0.02011202462017536 0
1713251751123 0.019165992736816406 0
1713251762537 0.019593358039855957 0
1713251774040 0.019357923418283463 0
1713251785580 0.018149100244045258 0
1713251797257 0.018268300220370293 0
1713251808670 0.018156176432967186 0
1713251820151 0.01802465319633484 0
1713251831920 0.017657576128840446 0
1713251843531 0.018246464431285858 0
1713251855150 0.017878761515021324 0
1713251866445 0.017890766263008118 0
1713251878234 0.01794460415840149 0
1713251890016 0.01791815459728241 0
1713251901322 0.018126918002963066 0
1713251912958 0.017900407314300537 0
