1713251739255 0.04817826300859451 0
1713251751111 0.05324302613735199 0
1713251762527 0.05914989858865738 0
1713251774030 0.06287829577922821 0
1713251785570 0.06267022341489792 0
1713251797194 0.06210136041045189 0
1713251808660 0.061583053320646286 0
1713251820116 0.06404925137758255 0
1713251831911 0.0655750259757042 0
1713251843521 0.06471371650695801 0
1713251855140 0.06295160204172134 0
1713251866436 0.06301299482584 0
1713251878224 0.06671769171953201 0
1713251890006 0.07012654840946198 0
1713251901312 0.06877703219652176 0
1713251912948 0.06852064281702042 0
