1713250178078 0.04268572852015495 0
1713250189975 0.041373997926712036 0
1713250201449 0.04402605816721916 0
1713250212615 0.04577726125717163 0
1713250224098 0.046161506325006485 0
1713250235578 0.0465581938624382 0
1713250246805 0.04690339043736458 0
1713250258103 0.045964308083057404 0
1713250269884 0.04632575064897537 0
1713250281613 0.04650816321372986 0
1713250293285 0.046280354261398315 0
1713250304620 0.04616007208824158 0
1713250316013 0.04616481810808182 0
1713250327552 0.046367429196834564 0
1713250338713 0.046449627727270126 0
1713250349927 0.0461532361805439 0
