1713250178099 0.02011202462017536 0
1713250189997 0.019165992736816406 0
1713250201471 0.019593358039855957 0
1713250212719 0.019357923418283463 0
1713250224119 0.018149100244045258 0
1713250235597 0.018268300220370293 0
1713250246827 0.018156176432967186 0
1713250258210 0.01802465319633484 0
1713250269996 0.017657576128840446 0
1713250281633 0.018246464431285858 0
1713250293305 0.017878761515021324 0
1713250304639 0.017890766263008118 0
1713250316032 0.01794460415840149 0
1713250327572 0.01791815459728241 0
1713250338731 0.018126918002963066 0
1713250349946 0.017900407314300537 0
