1713250178088 0.04817826300859451 0
1713250189985 0.05324302613735199 0
1713250201459 0.05914989858865738 0
1713250212707 0.06287829577922821 0
1713250224108 0.06267022341489792 0
1713250235589 0.06210136041045189 0
1713250246817 0.061583053320646286 0
1713250258197 0.06404925137758255 0
1713250269981 0.0655750259757042 0
1713250281624 0.06471371650695801 0
1713250293297 0.06295160204172134 0
1713250304631 0.06301299482584 0
1713250316023 0.06671769171953201 0
1713250327562 0.07012654840946198 0
1713250338722 0.06877703219652176 0
1713250349937 0.06852064281702042 0
