1713300603057 0.04268572852015495 0
1713300614762 0.041373997926712036 0
1713300626140 0.04402605816721916 0
1713300637218 0.04577726125717163 0
1713300648732 0.046161506325006485 0
1713300659999 0.0465581938624382 0
1713300671421 0.04690339043736458 0
1713300682902 0.045964308083057404 0
1713300694640 0.04632575064897537 0
1713300706328 0.04650816321372986 0
1713300717779 0.046280354261398315 0
1713300728993 0.04616007208824158 0
1713300740409 0.04616481810808182 0
1713300752012 0.046367429196834564 0
1713300763505 0.046449627727270126 0
1713300774951 0.0461532361805439 0
