1713300603079 0.02011202462017536 0
1713300614852 0.019165992736816406 0
1713300626162 0.019593358039855957 0
1713300637239 0.019357923418283463 0
1713300648750 0.018149100244045258 0
1713300660018 0.018268300220370293 0
1713300671441 0.018156176432967186 0
1713300682940 0.01802465319633484 0
1713300694661 0.017657576128840446 0
1713300706349 0.018246464431285858 0
1713300717798 0.017878761515021324 0
1713300729013 0.017890766263008118 0
1713300740430 0.01794460415840149 0
1713300752062 0.01791815459728241 0
1713300763524 0.018126918002963066 0
1713300774970 0.017900407314300537 0
