1713300603068 0.04817826300859451 0
1713300614838 0.05324302613735199 0
1713300626150 0.05914989858865738 0
1713300637229 0.06287829577922821 0
1713300648741 0.06267022341489792 0
1713300660009 0.06210136041045189 0
1713300671431 0.061583053320646286 0
1713300682929 0.06404925137758255 0
1713300694652 0.0655750259757042 0
1713300706338 0.06471371650695801 0
1713300717789 0.06295160204172134 0
1713300729003 0.06301299482584 0
1713300740420 0.06671769171953201 0
1713300752021 0.07012654840946198 0
1713300763516 0.06877703219652176 0
1713300774961 0.06852064281702042 0
