1713250865155 0.04268572852015495 0
1713250877224 0.041373997926712036 0
1713250888525 0.04402605816721916 0
1713250899945 0.04577726125717163 0
1713250911536 0.046161506325006485 0
1713250922832 0.0465581938624382 0
1713250934293 0.04690339043736458 0
1713250945539 0.045964308083057404 0
1713250957244 0.04632575064897537 0
1713250968986 0.04650816321372986 0
1713250980728 0.046280354261398315 0
1713250992173 0.04616007208824158 0
1713251003909 0.04616481810808182 0
1713251015600 0.046367429196834564 0
1713251027008 0.046449627727270126 0
1713251038404 0.0461532361805439 0
