1713250865177 0.02011202462017536 0
1713250877246 0.019165992736816406 0
1713250888542 0.019593358039855957 0
1713250899966 0.019357923418283463 0
1713250911559 0.018149100244045258 0
1713250922851 0.018268300220370293 0
1713250934318 0.018156176432967186 0
1713250945559 0.01802465319633484 0
1713250957267 0.017657576128840446 0
1713250969006 0.018246464431285858 0
1713250980752 0.017878761515021324 0
1713250992196 0.017890766263008118 0
1713251003929 0.01794460415840149 0
1713251015620 0.01791815459728241 0
1713251027028 0.018126918002963066 0
1713251038426 0.017900407314300537 0
