1713250865166 0.04817826300859451 0
1713250877233 0.05324302613735199 0
1713250888534 0.05914989858865738 0
1713250899956 0.06287829577922821 0
1713250911549 0.06267022341489792 0
1713250922843 0.06210136041045189 0
1713250934305 0.061583053320646286 0
1713250945549 0.06404925137758255 0
1713250957258 0.0655750259757042 0
1713250968997 0.06471371650695801 0
1713250980739 0.06295160204172134 0
1713250992186 0.06301299482584 0
1713251003919 0.06671769171953201 0
1713251015610 0.07012654840946198 0
1713251027019 0.06877703219652176 0
1713251038416 0.06852064281702042 0
