1713247264808 0.04268572852015495 0
1713247276537 0.041373997926712036 0
1713247287987 0.04402605816721916 0
1713247299123 0.04577726125717163 0
1713247310449 0.046161506325006485 0
1713247321729 0.0465581938624382 0
1713247333028 0.04690339043736458 0
1713247344344 0.045964308083057404 0
1713247356012 0.04632575064897537 0
1713247367866 0.04650816321372986 0
1713247379290 0.046280354261398315 0
1713247390915 0.04616007208824158 0
1713247402463 0.04616481810808182 0
1713247414328 0.046367429196834564 0
1713247425751 0.046449627727270126 0
1713247437083 0.0461532361805439 0
