1713247264830 0.02011202462017536 0
1713247276559 0.019165992736816406 0
1713247288009 0.019593358039855957 0
1713247299144 0.019357923418283463 0
1713247310469 0.018149100244045258 0
1713247321747 0.018268300220370293 0
1713247333049 0.018156176432967186 0
1713247344368 0.01802465319633484 0
1713247356032 0.017657576128840446 0
1713247367885 0.018246464431285858 0
1713247379393 0.017878761515021324 0
1713247390935 0.017890766263008118 0
1713247402483 0.01794460415840149 0
1713247414346 0.01791815459728241 0
1713247425769 0.018126918002963066 0
1713247437105 0.017900407314300537 0
