1713247264819 0.04817826300859451 0
1713247276545 0.05324302613735199 0
1713247287996 0.05914989858865738 0
1713247299132 0.06287829577922821 0
1713247310460 0.06267022341489792 0
1713247321738 0.06210136041045189 0
1713247333040 0.061583053320646286 0
1713247344358 0.06404925137758255 0
1713247356023 0.0655750259757042 0
1713247367875 0.06471371650695801 0
1713247379300 0.06295160204172134 0
1713247390926 0.06301299482584 0
1713247402474 0.06671769171953201 0
1713247414339 0.07012654840946198 0
1713247425761 0.06877703219652176 0
1713247437094 0.06852064281702042 0
