1713251510172 0.04268572852015495 0
1713251522036 0.041373997926712036 0
1713251533424 0.04402605816721916 0
1713251544786 0.04577726125717163 0
1713251556237 0.046161506325006485 0
1713251567640 0.0465581938624382 0
1713251578938 0.04690339043736458 0
1713251590289 0.045964308083057404 0
1713251602062 0.04632575064897537 0
1713251613846 0.04650816321372986 0
1713251625345 0.046280354261398315 0
1713251636810 0.04616007208824158 0
1713251648455 0.04616481810808182 0
1713251660108 0.046367429196834564 0
1713251671670 0.046449627727270126 0
1713251683012 0.0461532361805439 0
