1713251510194 0.02011202462017536 0
1713251522058 0.019165992736816406 0
1713251533446 0.019593358039855957 0
1713251544809 0.019357923418283463 0
1713251556257 0.018149100244045258 0
1713251567660 0.018268300220370293 0
1713251578960 0.018156176432967186 0
1713251590309 0.01802465319633484 0
1713251602082 0.017657576128840446 0
1713251613869 0.018246464431285858 0
1713251625377 0.017878761515021324 0
1713251636831 0.017890766263008118 0
1713251648475 0.01794460415840149 0
1713251660289 0.01791815459728241 0
1713251671692 0.018126918002963066 0
1713251683032 0.017900407314300537 0
