1713251510183 0.04817826300859451 0
1713251522047 0.05324302613735199 0
1713251533434 0.05914989858865738 0
1713251544798 0.06287829577922821 0
1713251556248 0.06267022341489792 0
1713251567651 0.06210136041045189 0
1713251578949 0.061583053320646286 0
1713251590300 0.06404925137758255 0
1713251602073 0.0655750259757042 0
1713251613858 0.06471371650695801 0
1713251625356 0.06295160204172134 0
1713251636821 0.06301299482584 0
1713251648466 0.06671769171953201 0
1713251660274 0.07012654840946198 0
1713251671682 0.06877703219652176 0
1713251683022 0.06852064281702042 0
