1713251176967 0.04268572852015495 0
1713251188817 0.041373997926712036 0
1713251200066 0.04402605816721916 0
1713251211539 0.04577726125717163 0
1713251223112 0.046161506325006485 0
1713251234679 0.0465581938624382 0
1713251245995 0.04690339043736458 0
1713251257375 0.045964308083057404 0
1713251268881 0.04632575064897537 0
1713251280460 0.04650816321372986 0
1713251291865 0.046280354261398315 0
1713251303203 0.04616007208824158 0
1713251314786 0.04616481810808182 0
1713251326534 0.046367429196834564 0
1713251338287 0.046449627727270126 0
1713251349702 0.0461532361805439 0
