1713251176989 0.02011202462017536 0
1713251188850 0.019165992736816406 0
1713251200088 0.019593358039855957 0
1713251211559 0.019357923418283463 0
1713251223133 0.018149100244045258 0
1713251234699 0.018268300220370293 0
1713251246017 0.018156176432967186 0
1713251257396 0.01802465319633484 0
1713251268900 0.017657576128840446 0
1713251280481 0.018246464431285858 0
1713251291887 0.017878761515021324 0
1713251303224 0.017890766263008118 0
1713251314805 0.01794460415840149 0
1713251326556 0.01791815459728241 0
1713251338308 0.018126918002963066 0
1713251349723 0.017900407314300537 0
