1713251176979 0.04817826300859451 0
1713251188840 0.05324302613735199 0
1713251200076 0.05914989858865738 0
1713251211550 0.06287829577922821 0
1713251223123 0.06267022341489792 0
1713251234689 0.06210136041045189 0
1713251246006 0.061583053320646286 0
1713251257388 0.06404925137758255 0
1713251268892 0.0655750259757042 0
1713251280471 0.06471371650695801 0
1713251291878 0.06295160204172134 0
1713251303215 0.06301299482584 0
1713251314796 0.06671769171953201 0
1713251326546 0.07012654840946198 0
1713251338299 0.06877703219652176 0
1713251349714 0.06852064281702042 0
