1713250634073 0.04268572852015495 0
1713250645938 0.041373997926712036 0
1713250657145 0.04402605816721916 0
1713250668552 0.04577726125717163 0
1713250679894 0.046161506325006485 0
1713250691273 0.0465581938624382 0
1713250702671 0.04690339043736458 0
1713250714140 0.045964308083057404 0
1713250725922 0.04632575064897537 0
1713250737740 0.04650816321372986 0
1713250749630 0.046280354261398315 0
1713250761089 0.04616007208824158 0
1713250772724 0.04616481810808182 0
1713250784946 0.046367429196834564 0
1713250796366 0.046449627727270126 0
1713250807843 0.0461532361805439 0
