1713250634095 0.02011202462017536 0
1713250645960 0.019165992736816406 0
1713250657167 0.019593358039855957 0
1713250668572 0.019357923418283463 0
1713250679933 0.018149100244045258 0
1713250691294 0.018268300220370293 0
1713250702696 0.018156176432967186 0
1713250714162 0.01802465319633484 0
1713250725941 0.017657576128840446 0
1713250737847 0.018246464431285858 0
1713250749650 0.017878761515021324 0
1713250761110 0.017890766263008118 0
1713250772744 0.01794460415840149 0
1713250784969 0.01791815459728241 0
1713250796386 0.018126918002963066 0
1713250807864 0.017900407314300537 0
