1713250634084 0.04817826300859451 0
1713250645947 0.05324302613735199 0
1713250657156 0.05914989858865738 0
1713250668564 0.06287829577922821 0
1713250679906 0.06267022341489792 0
1713250691284 0.06210136041045189 0
1713250702684 0.061583053320646286 0
1713250714152 0.06404925137758255 0
1713250725932 0.0655750259757042 0
1713250737750 0.06471371650695801 0
1713250749640 0.06295160204172134 0
1713250761099 0.06301299482584 0
1713250772735 0.06671769171953201 0
1713250784958 0.07012654840946198 0
1713250796377 0.06877703219652176 0
1713250807854 0.06852064281702042 0
