1713247484453 0.04268572852015495 0
1713247496208 0.041373997926712036 0
1713247507485 0.04402605816721916 0
1713247518975 0.04577726125717163 0
1713247532167 0.046161506325006485 0
1713247543776 0.0465581938624382 0
1713247555226 0.04690339043736458 0
1713247566602 0.045964308083057404 0
1713247578404 0.04632575064897537 0
1713247589920 0.04650816321372986 0
1713247601472 0.046280354261398315 0
1713247612783 0.04616007208824158 0
1713247624503 0.04616481810808182 0
1713247636395 0.046367429196834564 0
1713247647891 0.046449627727270126 0
1713247659477 0.0461532361805439 0
