1713247484475 0.02011202462017536 0
1713247496285 0.019165992736816406 0
1713247507507 0.019593358039855957 0
1713247518996 0.019357923418283463 0
1713247532188 0.018149100244045258 0
1713247543796 0.018268300220370293 0
1713247555248 0.018156176432967186 0
1713247566623 0.01802465319633484 0
1713247578423 0.017657576128840446 0
1713247589939 0.018246464431285858 0
1713247601492 0.017878761515021324 0
1713247612812 0.017890766263008118 0
1713247624527 0.01794460415840149 0
1713247636415 0.01791815459728241 0
1713247647910 0.018126918002963066 0
1713247659585 0.017900407314300537 0
