1713247484464 0.04817826300859451 0
1713247496218 0.05324302613735199 0
1713247507495 0.05914989858865738 0
1713247518987 0.06287829577922821 0
1713247532178 0.06267022341489792 0
1713247543787 0.06210136041045189 0
1713247555239 0.061583053320646286 0
1713247566614 0.06404925137758255 0
1713247578414 0.0655750259757042 0
1713247589930 0.06471371650695801 0
1713247601483 0.06295160204172134 0
1713247612802 0.06301299482584 0
1713247624514 0.06671769171953201 0
1713247636406 0.07012654840946198 0
1713247647901 0.06877703219652176 0
1713247659488 0.06852064281702042 0
